5452 
32390 
19411 
31513 
20892 
26156 
26663 
24885 
25543 
22318 
25226 
25531 
21318 
27538 
21880 
28978 
21750 
23329 
27206 
19626 
26888 
25321 
20482 
30975 
14910 
32767 
10164 
32767 
5748 
32767 
4868 
28321 
17572 
32767 
11446 
32767 
6286 
32767 
4811 
32767 
7774 
32767 
14237 
31367 
20450 
25286 
26778 
18813 
32666 
12725 
32767 
6817 
32767 
4667 
32767 
5719 
32767 
10256 
32767 
13556 
31791 
20187 
25425 
26518 
18988 
31675 
13672 
32767 
7463 
32767 
4721 
32767 
6618 
32767 
11811 
32767 
18067 
27563 
24332 
21404 
30242 
15093 
32767 
9187 
32767 
8306 
32767 
12837 
32767 
15518 
30779 
19620 
26915 
20795 
29185 
20972 
28870 
22077 
24764 
25802 
20682 
29874 
16595 
32767 
13628 
32767 
9146 
32767 
8067 
32767 
5465 
32767 
4805 
32767 
5963 
32767 
9546 
32767 
13519 
32552 
17675 
30264 
20557 
27858 
23470 
23928 
24024 
23156 
27990 
19027 
31992 
15245 
32767 
11362 
32767 
7238 
32767 
5590 
32767 
4956 
32767 
5995 
32767 
9351 
32767 
13686 
32767 
17624 
32767 
17949 
29491 
21843 
25492 
32759 
17555 
32767 
13312 
32767 
9738 
32767 
6692 
32767 
5103 
32767 
6012 
32767 
8654 
32767 
10222 
32767 
13418 
32767 
16177 
31043 
19992 
27550 
23962 
26924 
24532 
22717 
28602 
22268 
29330 
21764 
29995 
17623 
32767 
7380 
32767 
5439 
32767 
5483 
32767 
7924 
32767 
11518 
32767 
15445 
31815 
19607 
27639 
24157 
26799 
24933 
22455 
29269 
18377 
32767 
14282 
32767 
10071 
32767 
6051 
32767 
5062 
32767 
5945 
32767 
8259 
32767 
12156 
32767 
16084 
31210 
19720 
27877 
23699 
23770 
27606 
19817 
31629 
14958 
32767 
10630 
32767 
5131 
32767 
6574 
32767 
9462 
32767 
12128 
32767 
15942 
31279 
19504 
27391 
23561 
23166 
27887 
18666 
32416 
14458 
32767 
10083 
32767 
6653 
32767 
4836 
32767 
5374 
32767 
7612 
32767 
11273 
32767 
11722 
32767 
15585 
32767 
15729 
30629 
19222 
27424 
23279 
23156 
27409 
22583 
27922 
21453 
30621 
16216 
32767 
12490 
32767 
8826 
32767 
7865 
32767 
5331 
32767 
4868 
32767 
4462 
32767 
5817 
32767 
8675 
32767 
14213 
31361 
18153 
28223 
18657 
27927 
23005 
23723 
27269 
19353 
31407 
15290 
32767 
10684 
32767 
7067 
32767 
5067 
32767 
4925 
32767 
6190 
32767 
8950 
32767 
12974 
32583 
13507 
31816 
18595 
27880 
22856 
24062 
26799 
20179 
29874 
16956 
32767 
16263 
32767 
12082 
32767 
8061 
32767 
5619 
32767 
4800 
32767 
6252 
32767 
7125 
32767 
8368 
32767 
8229 
32767 
11905 
32767 
13064 
32767 
17169 
29895 
21133 
26601 
25227 
22530 
28940 
18077 
31831 
15328 
32767 
11138 
32767 
7464 
32767 
5500 
32767 
5471 
32767 
7381 
32767 
11082 
32767 
11899 
32767 
14729 
32767 
15555 
31838 
19434 
28194 
22944 
24732 
27192 
20819 
31347 
16248 
32767 
11637 
32767 
10997 
32767 
11450 
32767 
7976 
32767 
5514 
32767 
5371 
32767 
6819 
32767 
9640 
32767 
13302 
32767 
17680 
22560 
29143 
18291 
32767 
14780 
32767 
11035 
32767 
7183 
32767 
5384 
32767 
5649 
32767 
7691 
32767 
11210 
32767 
14911 
32420 
18719 
28969 
22017 
26216 
25465 
22359 
29289 
21959 
27326 
20582 
31286 
16484 
32767 
13365 
32767 
8682 
32767 
7928 
32767 
5549 
32767 
5280 
32767 
6605 
32767 
9632 
32767 
13819 
32767 
17902 
30069 
21376 
28420 
19490 
28366 
19704 
27550 
23934 
23258 
28236 
18979 
32154 
14889 
32767 
10671 
32767 
7412 
32767 
7154 
32767 
5366 
32767 
5112 
32767 
11943 
32767 
16109 
32767 
16513 
30139 
20882 
29716 
21148 
18739 
32214 
17783 
32497 
14176 
32767 
9994 
32767 
9590 
32767 
6479 
32767 
4568 
32767 
5404 
32767 
7852 
32767 
11064 
32767 
14994 
30948 
19704 
26635 
23575 
22712 
27702 
22299 
28211 
18183 
32013 
16535 
32767 
8444 
32767 
5596 
32767 
4542 
32767 
4676 
32767 
5265 
32767 
8120 
32767 
12466 
32767 
16501 
29442 
20787 
26007 
24553 
21612 
28531 
17789 
32416 
13779 
32767 
12458 
32767 
11635 
32767 
8116 
32767 
7497 
32767 
4587 
32767 
5167 
32767 
5495 
32767 
8152 
32767 
12110 
32767 
16508 
32767 
15574 
30882 
19436 
26959 
23331 
23774 
26817 
19666 
30923 
16016 
32767 
11609 
32767 
10079 
32767 
6623 
32767 
4872 
32767 
4844 
32767 
10713 
32767 
12260 
32767 
16010 
32767 
16688 
29861 
20725 
29190 
21800 
25256 
25734 
21400 
29552 
17400 
32767 
13840 
32767 
9769 
32767 
6420 
32767 
4939 
32767 
4918 
32767 
6437 
32767 
10296 
32767 
14486 
31999 
17295 
29398 
21231 
25769 
25750 
21124 
26885 
20220 
31145 
15843 
32767 
11978 
32767 
8104 
32767 
5305 
32767 
4636 
32767 
5598 
32767 
7327 
32767 
10672 
32767 
15224 
31368 
19315 
27618 
23004 
23816 
23639 
23189 
26749 
19994 
27448 
19782 
31307 
15959 
32767 
11897 
32767 
8101 
32767 
7787 
32767 
6570 
32767 
5254 
32767 
5157 
32767 
6999 
32767 
10978 
32767 
11993 
32767 
16140 
32767 
16955 
30509 
21415 
25796 
26503 
21461 
29895 
17926 
32767 
13939 
32767 
10057 
32767 
6376 
32767 
5191 
32767 
5719 
32767 
8165 
32767 
8248 
32767 
11759 
32767 
15821 
31644 
19632 
28186 
23721 
23879 
27708 
19887 
31992 
19236 
32356 
15309 
32767 
11352 
32767 
8093 
32767 
5756 
32767 
5486 
32767 
5967 
32767 
8504 
32767 
12264 
32767 
16592 
31217 
20621 
30779 
20211 
31222 
20663 
27225 
24861 
26591 
25517 
22340 
26960 
22404 
29249 
18305 
32698 
18400 
32767 
14008 
32767 
6758 
32767 
5232 
32767 
5783 
32767 
8038 
32767 
12193 
32767 
16162 
30976 
20212 
27272 
24048 
27148 
23695 
27110 
24793 
22832 
28668 
21076 
30601 
17298 
30540 
16902 
32767 
12288 
32767 
8248 
32767 
5884 
32767 
4976 
32767 
5424 
32767 
7746 
32767 
11466 
32767 
15660 
31453 
19370 
27584 
23421 
23110 
27458 
22680 
28127 
20720 
30459 
16854 
32767 
13199 
32767 
12356 
32767 
10597 
32767 
6866 
32767 
5007 
32767 
4877 
32767 
6797 
32767 
10525 
32767 
14582 
31846 
18531 
28280 
22711 
23701 
26865 
19431 
31044 
15802 
32767 
12236 
32767 
8689 
32767 
8162 
32767 
5599 
32767 
4662 
32767 
5632 
32767 
8139 
32767 
9054 
32767 
12920 
32767 
16452 
32322 
17612 
29165 
20917 
25523 
21555 
24882 
22184 
24401 
22529 
24186 
26539 
20234 
30621 
15652 
31972 
14114 
32767 
9658 
32767 
6300 
32767 
4749 
32767 
5253 
32767 
7649 
32767 
8199 
32767 
12103 
32767 
15452 
30737 
20002 
26745 
24071 
22566 
27981 
21541 
25709 
21479 
29491 
17186 
32767 
12880 
32767 
8748 
32767 
6289 
32767 
5968 
32767 
4670 
32767 
5725 
32767 
8644 
32767 
12108 
32767 
16887 
29138 
22040 
25014 
22690 
24081 
26532 
20552 
27038 
20116 
30359 
16631 
30863 
16290 
32767 
12361 
32767 
8180 
32767 
5653 
32767 
4796 
32767 
5961 
32767 
8742 
32767 
12605 
32767 
16709 
29867 
21023 
26494 
25028 
22500 
28510 
19450 
31710 
18912 
31750 
18652 
32295 
14810 
32767 
10775 
32767 
7384 
