28366 
26018 
28610 
26316 
28875 
25775 
28515 
25585 
28809 
26033 
28811 
25655 
28292 
26220 
28069 
26296 
27737 
26123 
27835 
26421 
28120 
27118 
28572 
27135 
28125 
26687 
25607 
25374 
30767 
32767 
32767 
28746 
28314 
26360 
27268 
25567 
26320 
25222 
26040 
24505 
24669 
23640 
25007 
22383 
23892 
21099 
22695 
19529 
21476 
18694 
21481 
18828 
22903 
20788 
25424 
22970 
27390 
24506 
28315 
24730 
28434 
25001 
28533 
24803 
28380 
25114 
28397 
25136 
28407 
25570 
28508 
25821 
28448 
26203 
28683 
26196 
28533 
26571 
28489 
26768 
28296 
27108 
28149 
27188 
27993 
27533 
27875 
27624 
27677 
27874 
27111 
28085 
27093 
28495 
26921 
28488 
26696 
28640 
26490 
28856 
25745 
29160 
25971 
26336 
28700 
26089 
28520 
25544 
28266 
25167 
28458 
25340 
29081 
25867 
29404 
25821 
29201 
24354 
26864 
26202 
32767 
31838 
31415 
27473 
27309 
26559 
26140 
26088 
25272 
26028 
24321 
25571 
23520 
25001 
22180 
23932 
20694 
22877 
19122 
21799 
18390 
21621 
18562 
22820 
20570 
25231 
22710 
27069 
24518 
28149 
25272 
28268 
25667 
28014 
25971 
27156 
26544 
26868 
26946 
26656 
27610 
26667 
27733 
26558 
28268 
26267 
28520 
26380 
29039 
26050 
29105 
26093 
29420 
25895 
29353 
25939 
29501 
25986 
29554 
26248 
29602 
26021 
29470 
26244 
29365 
26512 
29146 
26956 
28895 
26813 
28746 
27144 
28297 
27050 
27562 
27170 
27038 
27225 
26460 
27543 
26718 
28480 
26809 
28964 
26510 
29102 
23841 
27653 
27959 
32767 
32538 
32767 
26888 
28961 
25434 
27851 
24827 
27043 
24698 
26219 
24274 
25194 
23695 
24152 
22873 
22529 
21999 
20884 
21168 
20263 
21037 
20261 
22443 
22016 
25167 
23907 
27172 
25083 
28113 
25275 
28448 
25412 
28739 
25309 
28800 
25362 
28903 
25368 
28853 
25743 
28979 
25904 
28864 
26629 
28598 
27062 
28274 
27509 
28061 
27710 
27757 
28077 
27609 
28481 
27268 
28799 
27083 
29050 
26718 
29082 
26413 
29160 
26380 
29240 
25985 
28989 
25743 
29085 
25513 
28872 
25630 
29227 
26231 
29511 
26668 
29472 
26833 
28014 
24035 
29058 
32155 
32767 
32148 
29908 
27845 
27115 
26937 
26017 
26706 
25189 
26308 
24141 
26588 
22958 
25778 
22002 
24689 
20559 
23381 
19477 
22618 
19175 
22857 
20446 
24687 
22692 
26783 
24783 
28095 
25766 
28624 
26122 
28611 
26241 
28361 
26319 
28136 
26621 
27828 
26835 
27682 
27228 
27607 
27605 
27537 
27866 
27587 
27885 
27450 
28173 
27233 
28338 
26993 
28529 
26910 
28816 
26752 
28904 
26610 
29187 
26425 
29373 
26328 
29483 
26205 
29354 
25887 
29058 
25643 
29047 
25421 
28944 
25754 
29387 
26422 
29586 
26651 
29473 
26110 
26783 
25342 
31579 
32767 
32767 
28746 
28424 
26773 
27099 
26430 
26224 
26008 
25326 
25754 
24416 
25154 
22722 
24766 
21278 
23447 
19741 
22099 
18568 
21553 
18446 
22521 
20190 
24980 
22701 
27056 
24452 
28184 
25374 
28673 
25706 
28462 
25916 
28252 
26071 
27870 
26264 
27753 
26557 
27576 
26924 
27420 
27296 
27216 
27543 
27245 
27744 
27249 
28040 
26979 
28399 
26793 
28537 
26514 
28793 
25964 
29260 
25889 
29330 
25849 
29389 
25879 
29276 
25798 
29273 
25651 
28932 
25561 
28581 
25459 
28462 
26180 
28856 
28600 
26304 
29112 
25270 
26426 
24464 
31638 
31917 
32767 
27464 
29284 
25170 
28141 
24487 
27548 
24037 
26743 
23591 
25916 
23007 
24737 
22256 
22643 
21436 
20811 
20227 
19425 
19855 
19139 
20953 
20607 
23753 
22771 
26292 
24245 
27676 
24873 
28210 
24939 
28303 
25005 
28467 
24939 
28394 
25026 
28526 
25228 
28589 
25594 
28685 
26022 
28519 
26242 
28388 
26697 
28308 
26924 
27945 
27276 
27694 
27723 
27389 
28051 
27213 
28366 
26814 
28697 
26673 
28988 
26404 
29134 
25756 
29298 
25633 
28951 
25582 
28733 
25612 
28466 
26195 
28823 
26940 
28666 
27292 
28470 
26683 
24977 
26746 
31577 
32767 
32767 
30431 
27392 
27730 
25694 
27153 
24888 
26808 
24107 
26522 
23292 
25943 
22321 
25037 
21083 
23592 
19497 
22356 
18561 
21787 
18729 
22558 
20669 
24745 
23225 
26743 
25187 
27697 
26281 
27830 
26540 
27669 
26572 
27826 
26736 
27474 
26935 
27228 
27418 
27050 
27948 
26929 
28292 
26778 
28741 
26741 
28999 
26559 
29270 
26500 
29515 
26338 
29726 
26309 
29793 
26214 
29727 
25841 
28798 
26450 
28855 
26293 
28461 
26588 
29301 
27302 
29437 
27495 
29234 
27294 
26520 
25674 
30639 
32767 
32767 
31877 
29266 
28217 
27171 
27461 
26468 
26963 
25780 
26450 
24965 
25979 
23954 
25220 
22777 
24231 
21251 
22926 
19930 
22537 
19345 
23020 
20601 
25299 
23284 
27606 
25088 
28877 
26126 
29148 
26487 
28886 
26866 
28546 
27147 
28249 
27447 
27932 
27797 
27827 
28044 
27661 
28479 
27494 
28906 
27291 
29143 
27110 
29477 
26960 
29690 
26788 
29934 
26798 
30103 
26696 
30091 
26537 
30127 
26383 
29664 
26332 
29394 
26080 
29205 
26803 
29569 
27445 
29397 
27619 
28880 
26199 
26212 
28306 
32767 
32767 
32066 
29609 
27650 
27913 
26279 
27492 
25360 
27150 
24479 
26643 
23514 
26042 
22518 
24885 
21038 
23552 
19468 
22308 
18506 
21837 
19054 
22979 
21251 
25361 
23913 
27108 
25609 
27723 
26114 
27825 
26618 
27449 
26949 
27133 
27209 
26820 
27565 
26558 
27804 
26338 
28241 
26295 
28555 
26054 
28725 
26093 
28953 
25978 
29159 
25833 
29285 
25835 
29302 
25677 
29259 
26044 
29301 
26185 
29077 
26367 
28617 
26386 
28131 
26431 
27720 
26434 
27038 
26882 
27241 
27632 
27104 
27960 
26881 
27473 
23663 
26828 
28605 
32767 
31355 
30632 
25898 
28196 
24589 
27558 
23850 
27027 
23338 
26521 
22750 
25637 
22034 
24585 
21048 
22942 
19719 
21460 
18725 
20454 
18816 
20899 
20814 
22918 
23613 
24912 
25803 
25828 
26728 
25873 
27157 
25708 
27349 
25604 
27629 
25468 
28028 
25346 
28341 
25282 
28659 
25438 
29002 
25532 
29112 
25829 
29253 
26005 
29238 
26184 
29113 
26459 
28979 
26920 
28787 
27368 
28485 
27569 
27928 
27566 
27660 
27722 
27001 
27921 
26437 
27684 
26381 
28500 
26737 
29041 
26578 
29368 
26219 
27644 
23480 
30039 
31379 
32767 
30130 
30804 
25890 
28741 
24864 
27919 
25781 
25497 
25495 
24583 
25011 
23385 
24160 
21902 
23037 
20310 
21947 
18980 
21382 
18539 
22376 
20043 
24699 
22670 
27137 
24684 
28456 
25610 
28708 
25935 
28524 
26187 
28271 
26488 
27953 
26930 
27877 
27050 
27633 
27510 
27664 
28182 
27042 
28298 
27152 
28780 
26839 
28979 
26565 
29476 
26483 
29641 
26454 
29768 
26497 
29880 
26279 
29656 
26164 
29421 
25911 
29309 
25857 
28856 
26123 
29413 
26909 
29411 
27243 
29415 
27273 
27571 
24706 
28929 
32767 
32767 
32767 
29632 
28393 
26818 
27491 
25754 
27099 
24856 
26791 
24207 
26311 
23298 
25695 
21699 
24479 
20482 
23341 
19622 
22529 
19449 
22633 
20797 
24280 
23334 
26213 
26175 
26677 
27345 
26864 
27830 
26728 
28157 
26555 
28326 
26185 
28639 
26104 
28922 
26013 
29224 
26188 
29534 
26082 
29589 
26169 
29692 
26297 
29767 
26431 
29802 
26807 
29735 
26856 
29454 
27209 
